[SETTINGS]
WIDTH=0.754053592681885
LENGTH=1.86360943317413

