[DASH_CAM]
POS=0.001801,0.712035,-0.0875104
EXP=35
